2 14 -3 0 fan
2.25 14 3 0 fan
2.25 14 -3 0 fan
2.25 14 3 0 fan
2.25 14 -3 0 fan
0.75 14 0 0 div
1.5 14 0 0 div
1.5 14 0 0 divS
1.5 14 0 0 divS
2 14 -3 0 fan
2.25 14 3 0 fan
2.25 14 -3 0 fan
0.75 14 0 0 div
1.5 14 0 0 div
1.5 14 0 0 divS
1.5 14 -3 0 osc
1.5 14 -7 0 oscP
1.5 14 -3 0 osc
0 27 0 0 gnd
0.75 14 0 0 div
1.5 14 0 0 div
1.5 14 0 0 divS
0.34 14 9.5 0 tur
0.34 14 9.5 0 turP
0.34 14 9.5 0 tur
2 14 -9 0 hop
1 14 -9 0 hop
1.5 14 0 0 div
1.5 14 0 0 div 
1.5 14 -2 0 osc
1.5 14 -5 0 oscP
2 14 -9.5 0 tur
0.34 14 -9.5 0 tur
1 14 -8.5 0 silo
1 14 -9 0 hop
1 14 -9 0 hop
1.5 14 -3 0 osc
1.5 14 -7 0 osc
1.5 14 -3 0 osc
1.5 14 -7 0 osc
1.5 14 -3 0 osc
2.5 14 -9 0 hop
1 14 0 0 div
1.5 14 0 0 div
1.5 14 0 0 divS
1 14 -9 0 hop
1.5 14 -3 0 osc
1.5 14 -7 0 osc
3 14 -9.5 0 tur
0.34 14 -9.5 0 tur
1 14 -8.5 0 silo
1 14 0 0 div
1 14 0 0 div
1 14 0 0 divS
0.5 14 -3 0 osc
1.5 14 -7 0 osc
1 14 -9 0 hop
1 14 0 0 div
2 14 -3 0 osc
1.5 14 -5 0 oscP
1 14 0 0 div
2 14 -9.5 0 tur
0.34 14 -9.5 0 tur
1 14 8.5 0 silo
0.5 14 -3 0 osc
1.5 14 -7 0 oscP
1 14 0 0 div
1 14 0 0 divS
2 14 -9.5 0 tur
0.34 14 -9.5 0 tur
1 14 8.5 0 silo
4 14 -9.5 0 tur
0.34 14 -9.5 0 turP